0 1 10
0 2 11
0 3 10
0 4 10
0 5 28
0 6 30
0 7 29
0 8 24
0 10 31
0 11 37
0 12 32
0 13 25
0 14 32
0 15 40
0 16 38
0 17 39
0 18 39
0 20 89
0 21 90
0 22 90
0 23 89
0 25 74
0 28 74
0 29 74
0 31 250
0 32 251
0 33 230
0 34 340
0 41 296
0 42 296
0 45 296
0 46 342
1 2 10
1 3 11
1 4 10
1 5 29
1 6 31
1 7 28
1 8 24
1 10 33
1 11 36
1 12 31
1 15 41
1 16 38
1 17 39
1 18 39
1 20 89
1 21 90
1 22 90
1 23 89
1 25 74
1 28 74
1 29 74
1 31 250
1 33 230
1 35 340
1 42 296
1 44 296
1 46 342
2 3 10
2 4 10
2 5 28
2 6 30
2 7 29
2 8 24
2 10 31
2 11 37
2 12 32
2 13 25
2 14 32
2 15 40
2 16 38
2 17 39
2 18 39
2 20 89
2 21 90
2 22 90
2 23 89
2 25 74
2 28 74
2 29 74
2 31 250
2 32 251
2 33 230
2 34 340
2 35 340
2 36 340
2 41 296
2 42 296
2 45 296
2 46 342
3 4 10
3 5 28
3 6 30
3 7 29
3 10 31
3 11 37
3 12 32
3 14 32
3 15 40
3 16 38
3 17 39
3 18 39
3 20 89
3 21 90
3 22 90
3 25 74
3 28 74
3 29 74
3 31 250
3 32 251
3 33 230
3 34 340
3 35 340
3 36 340
4 4 10
4 5 28
4 6 30
4 7 29
4 10 31
4 11 37
4 12 32
4 14 32
4 15 40
4 16 38
4 17 39
4 18 39
4 20 89
4 21 90
4 22 90
4 25 74
4 28 74
4 29 74
4 31 250
4 32 251
4 33 230
4 34 340
4 35 340
4 36 340
4 41 296
4 42 296
4 43 297
4 44 295
4 45 290
4 46 340
5 6 10
5 7 10
5 8 11
5 9 9
5 10 41
5 11 41
5 12 40
5 13 41
5 14 34
5 15 48
5 16 48
5 17 48
5 18 48
5 19 49
5 20 87
5 21 87
5 22 85
5 23 87
5 24 87
5 25 91
5 28 92
5 29 91
5 30 308
5 31 300
5 33 317
5 34 317
5 35 395
5 36 395
5 37 329
5 38 329
5 39 329
5 41 442
5 42 442
5 46 356
6 7 10
6 8 11
6 9 9
6 10 41
6 11 41
6 12 40
6 13 41
6 14 34
6 16 48
6 17 48
6 18 48
6 19 49
6 20 87
6 21 87
6 22 85
6 24 87
6 25 91
6 28 92
6 29 91
6 30 308
6 31 300
6 33 317
6 34 317
6 35 395
6 36 395
6 38 329
6 39 329
6 40 319
6 41 442
6 42 442
6 43 442
6 44 442
6 45 442
6 46 356
7 8 11
7 9 9
7 10 41
7 11 41
7 13 41
7 14 34
7 16 48
7 17 48
7 18 48
7 19 49
7 20 87
7 21 87
7 22 85
7 24 87
7 25 91
7 28 92
7 29 91
7 32 300
7 34 317
7 35 395
7 36 395
7 38 329
7 39 329
7 40 319
7 41 442
7 42 442
7 43 442
7 45 442
7 46 356
8 9 10
8 10 41
8 12 40
8 13 41
8 14 34
8 15 48
8 17 48
8 18 48
8 19 49
8 20 87
8 21 87
8 22 85
8 23 87
8 24 87
8 25 91
8 28 92
8 29 91
8 30 308
8 31 300
8 33 317
8 34 317
8 35 395
8 36 395
8 37 329
8 38 329
8 40 329
8 43 442
8 45 442
9 12 40
9 13 41
9 15 48
9 16 48
9 17 48
9 18 48
9 19 49
9 20 87
9 21 87
9 22 85
9 23 87
9 24 87
9 25 91
9 30 308
9 31 300
9 33 317
9 34 317
9 35 395
9 36 395
9 37 329
9 38 329
9 39 329
9 44 442
9 46 356
10 11 8
10 12 8
10 13 9
10 14 5
10 15 24
10 16 32
10 17 26
10 18 24
10 19 31
10 20 98
10 21 98
10 22 100
10 23 98
10 24 99
10 25 173
10 28 173
10 29 173
10 30 214
10 31 214
10 32 214
10 33 317
10 34 236
10 35 236
10 36 236
10 37 265
10 38 265
10 39 265
10 41 741
10 44 741
10 45 740
10 46 351
11 12 4
11 13 12
11 14 6
11 15 24
11 16 32
11 17 26
11 18 24
11 19 31
11 20 98
11 21 98
11 22 100
11 23 98
11 24 99
11 25 173
11 28 173
11 29 173
11 30 214
11 31 214
11 32 214
11 33 317
11 34 236
11 35 236
11 36 236
11 37 265
11 38 265
11 30 265
11 42 741
11 43 740
11 46 351
12 13 4
12 14 10
12 15 24
12 16 32
12 17 26
12 18 24
12 19 31
12 20 98
12 22 100
12 23 98
12 24 99
12 25 173
12 28 173
12 29 173
12 31 214
12 32 214
12 33 317
12 34 236
12 35 236
12 36 236
12 38 265
12 30 265
12 41 740
12 46 351
13 14 10
13 15 24
13 16 32
13 19 31
13 20 98
13 21 98
13 22 100
13 23 98
13 24 99
13 25 173
13 28 173
13 32 214
13 33 317
13 34 236
13 35 236
13 37 265
13 38 265
13 39 265
13 43 741
13 44 741
13 45 740
14 13 4
14 14 10
14 18 24
14 19 31
14 20 98
14 22 100
14 23 98
14 24 99
14 25 173
14 28 173
14 29 173
14 31 214
14 32 214
14 33 317
14 34 236
14 35 236
14 36 236
14 38 265
14 30 265
14 41 740
14 46 351
15 16 10
15 17 8
15 18 8
15 19 8
15 20 42
15 21 42
15 22 42
15 23 42
15 24 42
15 25 277
15 26 277
15 27 277
15 28 277
15 29 277
15 30 323
15 31 323
15 32 323
15 33 320
15 34 127
15 35 127
15 36 127
15 37 335
15 38 335
15 39 335
15 40 335
15 41 272
15 42 272
15 43 272
15 44 272
15 45 272
15 46 414
16 17 8
16 18 8
16 19 8
16 20 42
16 21 42
16 24 42
16 25 277
16 26 277
16 27 277
16 29 277
16 30 323
16 31 323
16 32 323
16 33 320
16 34 127
16 37 335
16 38 335
16 39 335
16 40 335
16 41 272
16 42 272
16 45 272
16 46 414
17 18 8
17 19 8
17 20 42
17 21 42
17 24 42
17 26 277
17 28 277
17 29 277
17 30 323
17 31 323
17 33 320
17 36 127
17 37 335
17 38 335
17 39 335
17 40 335
17 41 272
17 42 272
17 43 272
17 46 414
18 19 8
18 22 42
18 23 42
18 24 42
18 26 277
18 27 277
18 30 323
18 32 323
18 34 320
18 36 127
18 37 335
18 38 335
18 39 335
18 40 335
18 41 272
18 42 272
18 44 272
18 46 414
19 20 42
19 21 42
19 24 42
19 26 277
19 28 277
19 29 277
19 30 323
19 31 323
19 33 320
19 36 127
19 37 335
19 38 335
19 39 335
19 40 335
19 41 272
19 42 272
19 43 272
19 46 414
20 21 1
20 22 0.8
20 23 1
20 24 0.5
20 25 118
20 26 118
20 27 118
20 28 118
20 29 118
20 30 144
20 31 144
20 32 144
20 33 132
20 34 197
20 35 197
20 36 197
20 37 133
20 38 133
20 39 133
20 40 133
20 41 158
20 42 158
20 43 158
20 44 158
20 45 158
20 46 158
21 22 1
21 23 1
21 24 1
21 25 118
21 26 118
21 27 118
21 28 118
21 29 118
21 30 144
21 31 144
21 32 144
21 33 132
21 34 197
21 35 197
21 36 197
21 37 133
21 38 133
21 39 133
21 40 133
21 41 158
21 42 158
21 43 158
21 44 158
21 45 158
21 46 158
22 23 1
22 24 1
22 25 118
22 26 118
22 27 118
22 28 118
22 29 118
22 30 144
22 31 144
22 32 144
22 33 132
22 34 197
22 35 197
22 36 197
22 37 133
22 38 133
22 39 133
22 40 133
22 41 158
22 42 158
22 43 158
22 44 158
22 45 158
22 46 158
25 26 3
25 27 4
25 30 4
26 27 6
26 28 10
26 29 5
27 28 4
27 29 9
28 29 3
30 31 15
30 32 16
31 32 8